[gd_scene load_steps=11 format=3 uid="uid://ccb1iowo1ks33"]

[ext_resource type="PackedScene" uid="uid://x0f6skrphdbu" path="res://player.tscn" id="1_4o623"]
[ext_resource type="PackedScene" uid="uid://hknnxwg8cib" path="res://interaction_zone.tscn" id="2_gp7im"]

[sub_resource type="ProceduralSkyMaterial" id="ProceduralSkyMaterial_l1rx6"]
sky_horizon_color = Color(0.64625, 0.65575, 0.67075, 1)
ground_horizon_color = Color(0.64625, 0.65575, 0.67075, 1)

[sub_resource type="Sky" id="Sky_ycq45"]
sky_material = SubResource("ProceduralSkyMaterial_l1rx6")

[sub_resource type="Environment" id="Environment_ahutk"]
background_mode = 2
sky = SubResource("Sky_ycq45")
tonemap_mode = 2
glow_enabled = true

[sub_resource type="PlaneMesh" id="PlaneMesh_voq8s"]
size = Vector2(10, 10)

[sub_resource type="StandardMaterial3D" id="StandardMaterial3D_ct3t4"]
albedo_color = Color(0.141176, 0.752941, 0.196078, 1)

[sub_resource type="ConcavePolygonShape3D" id="ConcavePolygonShape3D_4r6u1"]
data = PackedVector3Array(5, 0, 5, -5, 0, 5, 5, 0, -5, -5, 0, 5, -5, 0, -5, 5, 0, -5)

[sub_resource type="PrismMesh" id="PrismMesh_0u8ln"]

[sub_resource type="StandardMaterial3D" id="StandardMaterial3D_0jfar"]
albedo_color = Color(0.219608, 0.435294, 0.458824, 1)

[node name="Node3D" type="Node3D"]

[node name="WorldEnvironment" type="WorldEnvironment" parent="."]
environment = SubResource("Environment_ahutk")

[node name="DirectionalLight3D" type="DirectionalLight3D" parent="."]
transform = Transform3D(-0.866025, -0.433013, 0.25, 0, 0.5, 0.866025, -0.5, 0.75, -0.433013, 0, 0, 0)
shadow_enabled = true

[node name="Floor" type="MeshInstance3D" parent="."]
transform = Transform3D(42.695, 0, 0, 0, 42.695, 0, 0, 0, 42.695, 0, 0, 0)
mesh = SubResource("PlaneMesh_voq8s")
surface_material_override/0 = SubResource("StandardMaterial3D_ct3t4")

[node name="StaticBody3D" type="StaticBody3D" parent="Floor"]

[node name="CollisionShape3D" type="CollisionShape3D" parent="Floor/StaticBody3D"]
shape = SubResource("ConcavePolygonShape3D_4r6u1")

[node name="Player" parent="." instance=ExtResource("1_4o623")]
transform = Transform3D(1, 0, 0, 0, 1, 0, 0, 0, 1, 0, 0.918456, -2)
top_level = true

[node name="Plants" type="Node" parent="."]

[node name="Plant" type="MeshInstance3D" parent="Plants"]
transform = Transform3D(-1, -8.72533e-08, -5.44212e-09, 0, -0.0622506, 0.998061, -8.74228e-08, 0.998061, 0.0622506, 0, 0.41074, 4.41044)
mesh = SubResource("PrismMesh_0u8ln")
skeleton = NodePath("../..")
surface_material_override/0 = SubResource("StandardMaterial3D_0jfar")

[node name="Plant2" type="MeshInstance3D" parent="Plants"]
transform = Transform3D(1, 0, 0, 0, -0.0622506, 0.998061, 0, -0.998061, -0.0622506, 0, 0.41074, 1.63019)
mesh = SubResource("PrismMesh_0u8ln")
skeleton = NodePath("../..")
surface_material_override/0 = SubResource("StandardMaterial3D_0jfar")

[node name="Plant3" type="MeshInstance3D" parent="Plants"]
transform = Transform3D(1, 0, 0, 0, -0.0622506, 0.998061, 0, -0.998061, -0.0622506, 5.80532, 0.41074, -1.85997)
mesh = SubResource("PrismMesh_0u8ln")
skeleton = NodePath("../..")
surface_material_override/0 = SubResource("StandardMaterial3D_0jfar")

[node name="Plant4" type="MeshInstance3D" parent="Plants"]
transform = Transform3D(1, 0, 0, 0, -0.0622506, 0.998061, 0, -0.998061, -0.0622506, 5.80532, 0.41074, -6.57278)
mesh = SubResource("PrismMesh_0u8ln")
skeleton = NodePath("../..")
surface_material_override/0 = SubResource("StandardMaterial3D_0jfar")

[node name="Plant5" type="MeshInstance3D" parent="Plants"]
transform = Transform3D(1, 0, 0, 0, -0.0622506, 0.998061, 0, -0.998061, -0.0622506, -6.72835, 0.41074, -6.57278)
mesh = SubResource("PrismMesh_0u8ln")
skeleton = NodePath("../..")
surface_material_override/0 = SubResource("StandardMaterial3D_0jfar")

[node name="Plant6" type="MeshInstance3D" parent="Plants"]
transform = Transform3D(1, 0, 0, 0, -0.0622506, 0.998061, 0, -0.998061, -0.0622506, -6.72835, 0.41074, 2.40808)
mesh = SubResource("PrismMesh_0u8ln")
skeleton = NodePath("../..")
surface_material_override/0 = SubResource("StandardMaterial3D_0jfar")

[node name="Camera3D" type="Camera3D" parent="."]
transform = Transform3D(-1, 0, -8.74228e-08, -8.33596e-08, -0.301322, 0.953523, -2.63424e-08, 0.953523, 0.301322, 0, 16.1193, 0)

[node name="InteractionZone" parent="." instance=ExtResource("2_gp7im")]
transform = Transform3D(1, 0, 0, 0, 1, 0, 0, 0, 1, 5.56022, 0, 3.40577)
